       10715
       12778
       12779
       13073
       13146
       13218
       13219
       13288
       13289
       13290
       13354
       13355
       13356
       13419
       13503
       13504
       15827
       15828
       15876
       15877
       15972
       15973
       16271
       31208
       31288
       31372
       31373
       31538
       31539
       31715
       31815
       31932
       31933
       31934
       31935
       31936
       32054
       32055
       32056
       32057
       32171
       32172
       32173
       32174
       32175
       32291
       32292
       32293
       32409
       32410
       32411
       32530
       32531
       32646
       32761
       32762
       32879
       32999
       34542
       34543
       34544
       34546
       34958
       34959
       35067
       35275
       35278
       35378
       35929
       35930
       35931
       36030
       36031
       36032
       36130
       36131
       36132
       36133
       36240
       36242
       36243
       36244
       36264
       36351
       36352
       36373
       36374
       36464
       36486
       36487
       36488
       36575
       36576
       36598
       36689
       36690
       36713
       37289
       37290
       37291
       37358
       37359
       37360
       37361
       37428
       37429
       37430
       37431
       37432
       37510
       37511
       37512
       37513
       37592
       37686
       37777
       37779
       37780
       37885
       37886
       37887
       37888
       37889
       37994
       37995
       37996
       37997
       37998
       37999
       38106
       38107
       38108
       38109
       38110
       38111
       38112
       38218
       38219
       38220
       38221
       38222
       38223
       38224
       38225
       38329
       38331
       38332
       38333
       38334
       38335
       38336
       38337
       38338
       38339
       38340
       38446
       38447
       38448
       38449
       38450
       38451
       38452
       38453
       38454
       38559
       38560
       38561
       38562
       38563
       38564
       38565
       38671
       38672
       38673
       38674
       38675
       38676
       38677
       38779
       38780
       38781
       38884
       38885
       38886
       38887
       38994
       38995
       38996
       38997
       38998
       39105
       39106
       39107
       39108
       39109
       39217
       39218
       39219
       39301
       39302
       39367
       39368
       39369
       39447
       39448
       39449
       39450
       39451
       39526
       39527
       39528
       39529
       39530
       39531
       39532
       39542
       39606
       39607
       39608
       39609
       39610
       39611
       39612
       39613
       39614
       39615
       39616
       39708
       39709
       39710
       39711
       39712
       39713
       39714
       39809
       39810
       39811
       39813
       39814
       39846
       39904
       39905
       39906
       39908
       39909
       39995
       39996
       40026
       40111
       41955
       42028
       42029
       42371
       42437
       43413
       43414
       43415
       43494
       43495
       43496
       43497
       43562
       43563
       43564
       43565
       43566
       43623
       43624
       43625
       43626
       43627
       43628
       43829
       43911
       44002
       44094
       44171
       44200
       44260
       45690
       45807
       45808
       45809
       45917
       45921
       45922
       45923
       45924
       46038
       46039
       46148
       46149
       46150
       46151
       46260
       46261
       46262
       46369
       46372
       48979
       48980
       49062
       49212
       49303
       49304
       53023
       53024
       53080
       53081
       53082
       53083
       53102
       53158
       53992
       54175
       54282
       54394
       54396
       54507
       54508
       54509
       54620
       54621
       54622
       60868
       61629
       61722
       61723
       61724
       61820
       61914
       62007
       62008
       62106
       62212
       62213
       62327
       62328
       62333
       62467
       62468
       62470
       62471
       62609
       62610
       62611
       62612
       62736
       62737
       62738
       62739
       62740
       62741
       62742
       62865
       62866
       62867
       62868
       62869
       62870
       62871
       62994
       62995
       62996
       62997
       62998
       62999
       63000
       63123
       63124
       63245
       63246
       63367
       63368
       63499
       63500
       63630
       63632
       63763
       65258
       65363
       65364
       65365
       65366
       65369
       65370
       65472
       66148
       66270
       66507
       67385
       67386
       67481
       67503
       67605
       67627
       67729
       67862
       67863
       68020
       68703
       68820
       68937
       68938
       69055
       69056
       69057
       69059
       69060
       69173
       69174
       69175
       69176
       69177
       69178
       69295
       69298
       69299
       69300
       69301
       69302
       69417
       69421
       69422
       69423
       69532
       69533
       69534
       69535
       69536
       69537
       69638
       69646
       69649
       69749
       69750
       69751
       69752
       69754
       69755
       69756
       69758
       69761
       69871
       69872
       69873
       69874
       69882
       69992
       69993
       69995
       69996
       70001
       70002
       70003
       70115
       70119
       70120
       70125
       70126
       70243
       70244
       70247
       70371
       70372
       70373
       70375
       70376
       70499
       70501
       70502
       70503
       70506
       70620
       70621
       70625
       70738
       70739
       70740
       70741
       70820
       70821
       70822
       70823
       70887
       70900
       70901
       70903
       70970
       70971
       70972
       70973
       70974
       70985
       70986
       70987
       71054
       71055
       71056
       71057
       71058
       71059
       71068
       71069
       71138
       71139
       71140
       71141
       71142
       71143
       71144
       71145
       71146
       71147
       71148
       71149
       71150
       71238
       71239
       71240
       71241
       71242
       71243
       71335
       71336
       71337
       71338
       71339
       71340
       71341
       71345
       71346
       71348
       71432
       71433
       71434
       71435
       71437
       71442
       71443
       71525
       71526
       71527
       71528
       71531
       71532
       71533
       71559
       71560
       71561
       71569
       71614
       71616
       71617
       71649
       71650
       71657
       71703
       71748
       71783
       71784
       71785
       73896
       73986
       73988
       74072
       74141
       74145
       74229
       74230
       74317
       74318
       74605
       74691
       74717
       74718
       75331
       75332
       75333
       75398
       75399
       75400
       75465
       75466
       75467
       75548
       75549
       75550
       75551
       75552
       75635
       75636
       75637
       75638
       75639
       75722
       75723
       75724
       75725
       75726
       75727
       75728
       75729
       75791
       75792
       75807
       75808
       75809
       75810
       75811
       75812
       75813
       75814
       75869
       75872
       75873
       75874
       75875
       75876
       75888
       75889
       75890
       75891
       75892
       75893
       75894
       75895
       75896
       75897
       75898
       75899
       75952
       75953
       75954
       75955
       75956
       75957
       75958
       75974
       75975
       75976
       75977
       75978
       75979
       76028
       76029
       76030
       76031
       76032
       76033
       76034
       76035
       76036
       76037
       76038
       76049
       76050
       76051
       76052
       76053
       76054
       76110
       76111
       76112
       76113
       76114
       76115
       76116
       76117
       76131
       76132
       76133
       76134
       76135
       76213
       76214
       76215
       76216
       76217
       76218
       76228
       76229
       76230
       76231
       76287
       76294
       76295
       76296
       76297
       76298
       76299
       76307
       76308
       76309
       76377
       76378
       76379
       76380
       76388
       76488
       76489
       76490
       76491
       76492
       76599
       76600
       76601
       76602
       76707
       76708
       76709
       76710
       76711
       76712
       76742
       76802
       76803
       76804
       76805
       76806
       76807
       76896
       76897
       76898
       76899
       76900
       76937
       77033
       77203
       78540
       78567
       78648
       78649
       78652
       78653
       78654
       78655
       78656
       78657
       78680
       78681
       78761
       78764
       78765
       78766
       78767
       78768
       78769
       78876
       78879
       78880
       78881
       78882
       78883
       78884
       78885
       78987
       78990
       78991
       78992
       78993
       78994
       78995
       79099
       79102
       79206
       82058
       82060
       82118
       82157
       82159
       82215
       82252
       82253
       82309
       82310
       82311
       82312
       82313
       82314
       82404
       82405
       82406
       82407
       82408
       82409
       82504
       82505
       82506
       85021
       85024
       85149
       85239
       85331
       85332
       85333
       85418
       86188
       86189
       86249
       86250
       86251
       86252
       86319
       86320
       86321
       86322
       86387
       86388
       86427
       86466
       86467
       86468
       86469
       86510
       86545
       86546
       87571
       87572
       87755
       87860
       87971
       87972
       88086
       88087
       88201
       88202
       88204
       88318
       88319
       88432
       88633
       88683
       88684
       95096
       95201
       95306
       95410
       95411
       95524
       95525
       95653
       95654
       95655
       95656
       95657
       95782
       95784
       95785
       95786
       95787
       95788
       95927
       95928
       95929
       95930
       95931
       95932
       96072
       96073
       96074
       96075
       96076
       96077
       96199
       96200
       96201
       96202
       96203
       96204
       96205
       96206
       96328
       96329
       96330
       96332
       96333
       96335
       96457
       96458
       96459
       96461
       96462
       96586
       96587
       96588
       96589
       96706
       96707
       96708
       96709
       96825
       96826
       96827
       96958
       96959
       96960
       96961
       97091
       97092
       97224
       97225
       97226
       97377
       97529
       98804
       98805
       98806
       98807
       98808
       98809
       98810
       98919
       99028
       99029
       99363
       99845
      100103
      100363
      100600
      101298
      101561
      101698
      101803
      101804
      102679
      102806
      102807
      102934
      102935
      103053
      103054
      103055
      103173
      103176
      103177
      103178
      103179
      103180
      103287
      103290
      103291
      103292
      103293
      103294
      103405
      103406
      103407
      103514
      103515
      103516
      103517
      103518
      103519
      103525
      103527
      103635
      103636
      103637
      103638
      103639
      103640
      103641
      103648
      103756
      103757
      103758
      103759
      103760
      103761
      103762
      103763
      103767
      103768
      103769
      103883
      103885
      103887
      103888
      103894
      103895
      103896
      104014
      104015
      104020
      104021
      104133
      104134
      104252
      104253
      104254
      104365
      104366
      104479
      104551
      104552
      104627
      104628
      104711
      104712
      104781
      104782
      104783
      104784
      104797
      104866
      104867
      104872
      104873
      104874
      104875
      104876
      104877
      104880
      104881
      104955
      104956
      104957
      104966
      104967
      105044
      105045
      105046
      105051
      105052
      105054
      105055
      105056
      105137
      105138
      105139
      105145
      105146
      105149
      105238
      105239
      105240
      105352
      105398
      105399
      105437
      105438
      105441
      105927
      105928
      105929
      105933
      106018
      106019
      106119
      107692
      107933
      107934
      107947
      107949
      108018
      108019
      108020
      108035
      108110
      108111
      108126
      108127
      108194
      108195
      108196
      108211
      108212
      108279
      108280
      108281
      108297
      108366
      108475
      109143
      109146
      109150
      109151
      109152
      109153
      109154
      109155
      109156
      109157
      109158
      109214
      109216
      109217
      109219
      109221
      109222
      109223
      109224
      109225
      109226
      109227
      109228
      109229
      109230
      109231
      109232
      109287
      109289
      109290
      109291
      109292
      109294
      109295
      109296
      109297
      109298
      109299
      109300
      109301
      109302
      109303
      109304
      109305
      109372
      109373
      109374
      109375
      109382
      109383
      109384
      109385
      109386
      109387
      109388
      109389
      109390
      109391
      109392
      109393
      109394
      109395
      109475
      109476
      109477
      109478
      109479
      109480
      109481
      109482
      109483
      109484
      109485
      109486
      109487
      109488
      109489
      109571
      109572
      109573
      109574
      109575
      109576
      109577
      109578
      109579
      109580
      109581
      109582
      109583
      109584
      109585
      109586
      109587
      109588
      109589
      109671
      109672
      109673
      109674
      109675
      109676
      109677
      109678
      109679
      109680
      109681
      109682
      109683
      109684
      109685
      109686
      109687
      109688
      109764
      109765
      109766
      109767
      109768
      109769
      109770
      109771
      109772
      109773
      109774
      109775
      109776
      109777
      109778
      109779
      109780
      109781
      109782
      109783
      109840
      109856
      109857
      109858
      109859
      109860
      109861
      109862
      109863
      109864
      109865
      109866
      109867
      109868
      109869
      109870
      109871
      109872
      109873
      109874
      109875
      109876
      109922
      109924
      109925
      109926
      109927
      109928
      109929
      109930
      109931
      109934
      109936
      109937
      109938
      109939
      109940
      109941
      109942
      109943
      109944
      109945
      109946
      109947
      109948
      109949
      109950
      109951
      109952
      109953
      109954
      109955
      109956
      109957
      109958
      109959
      110012
      110013
      110014
      110015
      110016
      110017
      110018
      110019
      110020
      110021
      110022
      110023
      110024
      110025
      110026
      110027
      110028
      110029
      110030
      110031
      110032
      110033
      110034
      110035
      110036
      110037
      110038
      110039
      110040
      110041
      110042
      110043
      110044
      110045
      110046
      110047
      110048
      110111
      110112
      110113
      110114
      110115
      110116
      110117
      110118
      110119
      110120
      110121
      110122
      110123
      110124
      110125
      110126
      110127
      110128
      110129
      110130
      110131
      110132
      110133
      110134
      110135
      110136
      110137
      110138
      110139
      110140
      110141
      110201
      110202
      110205
      110206
      110207
      110208
      110209
      110210
      110211
      110212
      110215
      110216
      110217
      110218
      110219
      110220
      110221
      110222
      110223
      110224
      110225
      110226
      110227
      110228
      110229
      110230
      110244
      110246
      110247
      110300
      110303
      110310
      110311
      110312
      110313
      110314
      110315
      110316
      110317
      110318
      110319
      110323
      110324
      110325
      110343
      110344
      110405
      110406
      110407
      110408
      110409
      110410
      110411
      110412
      110413
      110414
      110418
      110419
      110420
      110438
      110439
      110500
      110501
      110502
      110503
      110504
      110505
      110506
      110507
      110508
      110514
      110515
      110533
      110590
      110591
      110592
      110593
      110594
      110595
      110596
      110597
      110598
      110687
      110688
      110689
      110690
      110691
      110692
      110693
      110694
      110695
      110790
      110791
      110792
      110793
      110794
      110795
      110796
      110889
      110890
      110891
      110892
      110893
      110991
      110992
      111088
      111089
      111090
      111091
      111193
      111194
      111195
      111196
      111308
      111309
      111310
      112127
      112344
      112347
      112454
      112455
      112456
      112457
      112458
      112459
      112460
      112461
      112565
      112566
      112567
      112568
      112569
      112570
      112571
      112572
      112573
      112672
      112673
      112676
      112677
      112678
      112679
      112680
      112776
      112777
      112779
      112780
      112781
      112782
      112783
      112784
      112880
      112883
      112884
      112984
      112989
      113087
      115745
      115746
      115747
      115748
      115844
      115845
      115846
      115943
      116101
      116198
      116199
      116200
      116201
      116290
      116292
      116293
      116382
      116383
      116469
      116554
      116555
      117217
      118653
      118725
      118851
      118951
      119045
      119047
      119048
      119141
      119235
      119943
      119944
      119945
      120018
      120019
      120099
      120100
      120101
      120176
      120177
      120178
      120266
      120267
      120268
      120269
      120354
      120355
      120358
      120410
      120441
      121623
      121629
      121738
      121739
      121841
      121948
      122055
      122056
      122166
      122167
      122168
      122169
      122276
      122277
      122278
      122495
      122821
      129140
      129261
      129382
      129515
      129516
      129649
      129650
      129651
      129778
      129779
      129780
      129781
      129782
      129909
      129913
      130033
      130034
      130157
      130158
      130160
      130283
      130284
      130285
      130286
      130287
      130410
      130411
      130412
      130413
      130414
      130537
      130538
      130539
      130540
      130541
      130664
      130665
      130666
      130667
      130791
      130792
      130938
      130939
      131082
      131085
      131086
      131224
      131225
      131505
      132289
      132290
      132291
      132401
      132404
      132407
      132408
      132409
      132519
      132521
      132527
      132528
      132529
      132620
      132621
      132622
      132625
      133157
      134940
      134941
      135078
      135079
      135433
      136213
      136332
      136334
      136335
      136455
      136457
      136571
      136573
      136574
      136689
      136690
      136691
      136803
      136804
      136805
      136917
      136918
      136919
      136920
      136921
      137026
      137027
      137028
      137029
      137030
      137031
      137032
      137033
      137143
      137144
      137145
      137146
      137147
      137148
      137149
      137261
      137262
      137263
      137264
      137265
      137266
      137272
      137374
      137375
      137376
      137377
      137378
      137379
      137385
      137489
      137597
      137704
      137804
      137906
      137987
      137988
      138069
      138144
      138145
      138219
      138220
      138279
      138285
      138286
      138287
      138364
      138365
      138451
      138452
      138459
      138460
      138461
      138462
      138463
      138542
      138543
      138548
      138549
      138550
      138551
      138631
      138632
      138633
      138640
      138729
      138809
      138810
      138816
      138939
      138940
      139171
      139259
      139261
      139262
      139270
      139348
      139351
      139352
      139435
      139525
      139529
      139640
      141343
      141344
      141428
      141503
      141578
      141580
      141581
      141647
      141648
      141649
      142116
      142117
      142118
      142119
      142120
      142121
      142122
      142123
      142124
      142178
      142179
      142180
      142181
      142182
      142183
      142184
      142185
      142186
      142237
      142239
      142240
      142241
      142242
      142243
      142244
      142245
      142246
      142247
      142248
      142249
      142250
      142251
      142252
      142312
      142313
      142314
      142315
      142316
      142317
      142318
      142319
      142320
      142321
      142322
      142323
      142324
      142325
      142326
      142385
      142386
      142387
      142388
      142389
      142390
      142391
      142392
      142393
      142394
      142395
      142396
      142397
      142398
      142399
      142400
      142401
      142459
      142461
      142462
      142464
      142465
      142466
      142467
      142468
      142469
      142470
      142471
      142472
      142473
      142474
      142475
      142476
      142477
      142478
      142479
      142480
      142481
      142482
      142483
      142549
      142550
      142552
      142553
      142554
      142555
      142556
      142557
      142558
      142559
      142560
      142561
      142562
      142563
      142564
      142565
      142566
      142567
      142568
      142569
      142570
      142571
      142572
      142573
      142574
      142632
      142633
      142641
      142642
      142643
      142644
      142645
      142646
      142647
      142648
      142649
      142650
      142651
      142652
      142653
      142654
      142655
      142656
      142657
      142658
      142659
      142728
      142729
      142730
      142731
      142732
      142733
      142734
      142735
      142736
      142737
      142738
      142739
      142740
      142741
      142742
      142743
      142744
      142814
      142815
      142816
      142817
      142818
      142819
      142820
      142821
      142822
      142823
      142824
      142825
      142826
      142827
      142828
      142829
      142830
      142832
      142833
      142834
      142898
      142899
      142900
      142901
      142902
      142903
      142904
      142905
      142906
      142907
      142908
      142909
      142910
      142911
      142912
      142913
      142914
      142917
      142918
      142956
      142958
      142959
      142960
      142961
      142962
      142963
      142964
      142965
      142966
      142967
      142968
      142969
      142970
      142971
      142972
      142973
      142974
      142975
      142976
      142977
      142978
      142979
      142980
      142981
      142982
      142983
      142984
      142985
      142986
      142987
      142988
      142989
      143024
      143025
      143026
      143027
      143028
      143029
      143030
      143031
      143032
      143033
      143034
      143035
      143036
      143037
      143038
      143039
      143040
      143041
      143042
      143043
      143044
      143045
      143046
      143047
      143048
      143049
      143050
      143051
      143052
      143053
      143054
      143055
      143056
      143057
      143058
      143059
      143096
      143097
      143098
      143099
      143100
      143101
      143102
      143103
      143104
      143105
      143106
      143107
      143108
      143109
      143110
      143111
      143112
      143113
      143114
      143115
      143116
      143117
      143118
      143119
      143120
      143121
      143122
      143123
      143124
      143125
      143126
      143127
      143128
      143129
      143130
      143131
      143132
      143133
      143188
      143189
      143190
      143191
      143192
      143193
      143194
      143195
      143196
      143197
      143198
      143199
      143200
      143201
      143202
      143203
      143204
      143205
      143206
      143207
      143208
      143209
      143210
      143211
      143212
      143213
      143214
      143215
      143216
      143217
      143218
      143219
      143220
      143221
      143222
      143223
      143224
      143244
      143290
      143291
      143292
      143293
      143294
      143295
      143296
      143297
      143298
      143299
      143300
      143305
      143306
      143307
      143308
      143309
      143310
      143311
      143312
      143313
      143314
      143315
      143316
      143317
      143318
      143319
      143320
      143321
      143322
      143323
      143352
      143355
      143356
      143388
      143389
      143390
      143401
      143402
      143403
      143404
      143405
      143406
      143407
      143408
      143409
      143410
      143411
      143412
      143413
      143414
      143415
      143416
      143417
      143418
      143446
      143447
      143448
      143449
      143450
      143496
      143497
      143498
      143499
      143500
      143501
      143502
      143503
      143504
      143505
      143506
      143507
      143508
      143511
      143512
      143513
      143541
      143542
      143543
      143544
      143545
      143592
      143593
      143594
      143595
      143596
      143597
      143598
      143599
      143600
      143601
      143602
      143609
      143688
      143689
      143690
      143691
      143692
      143693
      143694
      143695
      143696
      143697
      143698
      143785
      143786
      143787
      143788
      143789
      143790
      143791
      143792
      143793
      143794
      143832
      143878
      143879
      143880
      143881
      143882
      143883
      143884
      143885
      143886
      143924
      143975
      143976
      143977
      143978
      144080
      144081
      144082
      144083
      144184
      144185
      144186
      144187
      144188
      144189
      144190
      144293
      144294
      144296
      144298
      144299
      145159
      145266
      145267
      145377
      145378
      145379
      145380
      145381
      145382
      145490
      145491
      145492
      145493
      145494
      145495
      145496
      145497
      145498
      145587
      145588
      145589
      145590
      145591
      145592
      145593
      145594
      145683
      145684
      145685
      145686
      145687
      145690
      145691
      145784
      145785
      145787
      145788
      145885
      145886
      145888
      145892
      145988
      148881
      148982
      149074
      149075
      149168
      149257
      151257
      151663
      151664
      151756
      151757
      151838
      152411
      152412
      152413
      152494
      152495
      152496
      152576
      152577
      152578
      152663
      152664
      152665
      152747
      152984
      153016
      153072
      153073
      153099
      153148
      153176
      153224
      154376
      154377
      154475
      154476
      154577
      154578
      154680
      154763
      154786
      154926
      161269
      161398
      161519
      161640
      161769
      161897
      161899
      162026
      162027
      162028
      162155
      162156
      162157
      162158
      162159
      162284
      162285
      162286
      162288
      162289
      162414
      162415
      162416
      162417
      162553
      162554
      162555
      162692
      162693
      162833
      162834
      162974
      162975
      163115
      163116
      163117
      163119
      163267
      163268
      163269
      163270
      163272
      163417
      163420
      163421
      163569
      163570
      163861
      164702
      164829
      164830
      164952
      164953
      164954
      165066
      165067
      165068
      165069
      165182
      165292
      165398
      165600
      165605
      165720
      165839
      166086
      166087
      167826
      167931
      168259
      168668
      168669
      168769
      168770
      168883
      168997
      168998
      169113
      169114
      169115
      169229
      169230
      169231
      169342
      169343
      169344
      169345
      169346
      169347
      169348
      169454
      169455
      169456
      169457
      169458
      169459
      169460
      169566
      169567
      169568
      169569
      169570
      169571
      169679
      169680
      169681
      169682
      169683
      169792
      169793
      169898
      169899
      170004
      170204
      170205
      170289
      170374
      170451
      170452
      170528
      170529
      170591
      170671
      170751
      170752
      170757
      170758
      170759
      170761
      170844
      170845
      170851
      170852
      170937
      170938
      170944
      170945
      171036
      171115
      171499
      171569
      171587
      171656
      171657
      171675
      171676
      171746
      171826
      171828
      171834
      171921
      171922
      171923
      172005
      172027
      172029
      172101
      172795
      173307
      173308
      173391
      173489
      173728
      173875
      173876
      173877
      173878
      173879
      173944
      173945
      173947
      173996
      174076
      174198
      174199
      174200
      174201
      174202
      174203
      174204
      174205
      174206
      174251
      174252
      174253
      174254
      174255
      174256
      174257
      174258
      174259
      174260
      174302
      174303
      174304
      174305
      174306
      174307
      174308
      174309
      174310
      174311
      174312
      174313
      174314
      174315
      174316
      174317
      174318
      174360
      174361
      174362
      174363
      174364
      174365
      174366
      174367
      174368
      174369
      174370
      174371
      174372
      174373
      174374
      174375
      174376
      174377
      174420
      174421
      174422
      174423
      174424
      174425
      174426
      174427
      174428
      174429
      174430
      174431
      174432
      174433
      174434
      174435
      174436
      174477
      174479
      174482
      174483
      174484
      174485
      174486
      174487
      174488
      174489
      174490
      174491
      174492
      174493
      174494
      174495
      174496
      174497
      174498
      174499
      174500
      174553
      174555
      174556
      174557
      174558
      174559
      174560
      174561
      174562
      174563
      174564
      174565
      174566
      174567
      174568
      174569
      174570
      174571
      174572
      174573
      174574
      174575
      174576
      174577
      174626
      174627
      174628
      174629
      174632
      174633
      174634
      174635
      174636
      174637
      174638
      174639
      174640
      174641
      174642
      174643
      174644
      174645
      174646
      174647
      174648
      174649
      174650
      174651
      174652
      174653
      174654
      174655
      174703
      174709
      174710
      174711
      174712
      174713
      174714
      174715
      174716
      174717
      174718
      174719
      174720
      174721
      174722
      174723
      174724
      174725
      174726
      174727
      174728
      174729
      174730
      174731
      174732
      174770
      174781
      174782
      174783
      174784
      174785
      174786
      174787
      174788
      174789
      174790
      174791
      174792
      174793
      174794
      174795
      174796
      174797
      174798
      174799
      174800
      174801
      174802
      174803
      174839
      174852
      174853
      174854
      174855
      174856
      174857
      174858
      174859
      174860
      174861
      174862
      174863
      174864
      174865
      174866
      174867
      174868
      174869
      174870
      174871
      174872
      174909
      174910
      174911
      174913
      174914
      174915
      174916
      174917
      174918
      174919
      174920
      174921
      174922
      174923
      174924
      174925
      174926
      174927
      174928
      174929
      174930
      174931
      174932
      174933
      174934
      174935
      174975
      174976
      174977
      174978
      174979
      174980
      174981
      174982
      174983
      174984
      174985
      174986
      174987
      174988
      174989
      174990
      174991
      174992
      174993
      174994
      174995
      174996
      174997
      174998
      174999
      175000
      175001
      175002
      175003
      175004
      175005
      175047
      175049
      175050
      175051
      175052
      175053
      175054
      175055
      175056
      175057
      175058
      175059
      175060
      175061
      175062
      175063
      175064
      175065
      175066
      175067
      175068
      175069
      175070
      175071
      175072
      175073
      175074
      175075
      175076
      175077
      175078
      175079
      175080
      175081
      175082
      175083
      175084
      175135
      175136
      175137
      175138
      175139
      175140
      175141
      175142
      175143
      175144
      175145
      175146
      175147
      175148
      175149
      175150
      175151
      175152
      175153
      175154
      175155
      175156
      175157
      175158
      175159
      175160
      175161
      175162
      175163
      175164
      175165
      175166
      175167
      175168
      175169
      175170
      175171
      175225
      175226
      175227
      175228
      175229
      175230
      175231
      175232
      175233
      175234
      175235
      175236
      175237
      175238
      175239
      175240
      175241
      175242
      175243
      175244
      175245
      175246
      175247
      175248
      175249
      175250
      175251
      175252
      175253
      175254
      175255
      175256
      175311
      175312
      175313
      175314
      175315
      175316
      175317
      175318
      175319
      175320
      175322
      175323
      175324
      175325
      175326
      175327
      175328
      175329
      175330
      175331
      175332
      175333
      175334
      175335
      175339
      175340
      175341
      175409
      175410
      175411
      175412
      175413
      175414
      175415
      175416
      175417
      175418
      175419
      175425
      175426
      175462
      175497
      175498
      175499
      175500
      175501
      175502
      175503
      175504
      175505
      175506
      175507
      175591
      175592
      175593
      175594
      175595
      175596
      175597
      175598
      175599
      175600
      175686
      175687
      175688
      175689
      175690
      175691
      175692
      175693
      175694
      175695
      175776
      175777
      175778
      175779
      175780
      175781
      175782
      175783
      175784
      175868
      175869
      175870
      175871
      175872
      175873
      175874
      175885
      175886
      175968
      175969
      175975
      175976
      175977
      176075
      176076
      176077
      176078
      176079
      176080
      176081
      176082
      176083
      176178
      176179
      176180
      176948
      177056
      177162
      177163
      177262
      177263
      177264
      177265
      177267
      177268
      177365
      177366
      177367
      177368
      177369
      177370
      177371
      177372
      177467
      177468
      177469
      177470
      177471
      177472
      177569
      177570
      177571
      177572
      177575
      177669
      177670
      177671
      177772
      177773
      177777
      178076
      178077
      180036
      180037
      180117
      180118
      182931
      183016
      183102
      183460
      183541
      183542
      183995
      183996
      183997
      184059
      184060
      184061
      184122
      184123
      184124
      184206
      184207
      184294
      184385
      184653
      184654
      184743
      184744
      184830
      184831
      186495
      186496
      186497
      186595
      191588
      192800
      192916
      192917
      193035
      193420
      193421
      193422
      193545
      193547
      193673
      193674
      193801
      193802
      193805
      193924
      193925
      194046
      194047
      194048
      194050
      194186
      194187
      194324
      194325
      194465
      194466
      194468
      194606
      194607
      194608
      194609
      194610
      194746
      194747
      194748
      194891
      194892
      194893
      194894
      194895
      194899
      195038
      195040
      195041
      195042
      195188
      195189
      195191
      195340
      195341
      195618
      196455
      196588
      196716
      196717
      196718
      196843
      196844
      196845
      196847
      196964
      196965
      196967
      196969
      197086
      197087
      197089
      197199
      197202
      197315
      197316
      197317
      197433
      197671
      197797
      197911
      198026
      198028
      198034
      198144
      199655
      199765
      199766
      199875
      199994
      200113
      200230
      200338
      200529
      200631
      200838
      200945
      200947
      200948
      200949
      201052
      201053
      201054
      201055
      201056
      201152
      201153
      201154
      201155
      201157
      201159
      201252
      201253
      201254
      201255
      201256
      201257
      201258
      201358
      201359
      201360
      201361
      201362
      201463
      201464
      201465
      201466
      201561
      201562
      201659
      201759
      202041
      202121
      202201
      202202
      202268
      202346
      202426
      202431
      202432
      202433
      202513
      202514
      202584
      202588
      202769
      203383
      203553
      203554
      203555
      203556
      203629
      203630
      203631
      203632
      203634
      203705
      203706
      203707
      203708
      203709
      203724
      203782
      203783
      203784
      203785
      204389
      204590
      204667
      204744
      204824
      205005
      205239
      205241
      205328
      205394
      205401
      205467
      205468
      205469
      205470
      205521
      205522
      205563
      205564
      205631
      205632
      205633
      205634
      205635
      205636
      205637
      205638
      205639
      205640
      205660
      205661
      205662
      205663
      205664
      205665
      205666
      205667
      205668
      205669
      205670
      205671
      205693
      205694
      205695
      205696
      205697
      205698
      205699
      205700
      205701
      205732
      205733
      205734
      205735
      205736
      205737
      205738
      205739
      205740
      205741
      205742
      205749
      205750
      205773
      205774
      205775
      205776
      205777
      205778
      205779
      205780
      205781
      205782
      205783
      205784
      205785
      205786
      205787
      205788
      205789
      205821
      205822
      205824
      205825
      205826
      205827
      205828
      205829
      205830
      205831
      205832
      205833
      205834
      205835
      205836
      205837
      205869
      205870
      205872
      205873
      205874
      205875
      205876
      205877
      205878
      205879
      205880
      205881
      205882
      205883
      205884
      205885
      205886
      205918
      205919
      205920
      205921
      205923
      205924
      205925
      205926
      205927
      205928
      205929
      205930
      205931
      205932
      205933
      205934
      205935
      205936
      205937
      205938
      205939
      205974
      205977
      205978
      205979
      205980
      205981
      205982
      205983
      205984
      205986
      205987
      205988
      205989
      205990
      205991
      205992
      205993
      205994
      205995
      205996
      206027
      206029
      206030
      206031
      206032
      206033
      206034
      206035
      206036
      206037
      206038
      206039
      206040
      206041
      206042
      206043
      206044
      206045
      206046
      206047
      206048
      206049
      206050
      206051
      206052
      206053
      206091
      206092
      206093
      206094
      206095
      206096
      206097
      206098
      206099
      206100
      206101
      206102
      206103
      206104
      206105
      206106
      206107
      206108
      206110
      206111
      206112
      206113
      206114
      206115
      206116
      206117
      206118
      206152
      206153
      206154
      206155
      206158
      206159
      206160
      206161
      206162
      206163
      206164
      206165
      206166
      206167
      206168
      206169
      206170
      206171
      206172
      206173
      206174
      206175
      206176
      206177
      206178
      206179
      206180
      206181
      206182
      206183
      206231
      206232
      206233
      206234
      206235
      206236
      206237
      206238
      206239
      206240
      206241
      206242
      206243
      206244
      206245
      206246
      206247
      206248
      206249
      206250
      206251
      206252
      206253
      206254
      206255
      206301
      206302
      206303
      206304
      206306
      206307
      206308
      206309
      206310
      206311
      206312
      206313
      206314
      206315
      206316
      206317
      206318
      206319
      206320
      206321
      206322
      206323
      206324
      206325
      206326
      206327
      206373
      206374
      206375
      206376
      206377
      206380
      206381
      206382
      206383
      206384
      206385
      206386
      206387
      206388
      206389
      206390
      206391
      206392
      206393
      206394
      206395
      206396
      206397
      206398
      206399
      206400
      206401
      206439
      206440
      206443
      206444
      206445
      206446
      206447
      206448
      206449
      206450
      206451
      206452
      206453
      206454
      206455
      206456
      206457
      206458
      206459
      206460
      206461
      206462
      206463
      206464
      206465
      206466
      206467
      206468
      206469
      206470
      206471
      206472
      206473
      206517
      206518
      206520
      206521
      206522
      206523
      206524
      206525
      206526
      206530
      206531
      206532
      206533
      206534
      206535
      206536
      206537
      206538
      206539
      206540
      206541
      206542
      206543
      206544
      206545
      206546
      206547
      206548
      206549
      206550
      206551
      206598
      206604
      206605
      206606
      206607
      206608
      206609
      206610
      206611
      206612
      206613
      206614
      206615
      206616
      206617
      206618
      206619
      206620
      206621
      206622
      206623
      206624
      206625
      206626
      206630
      206631
      206632
      206677
      206685
      206686
      206687
      206688
      206689
      206691
      206692
      206693
      206694
      206695
      206696
      206697
      206698
      206699
      206700
      206701
      206702
      206703
      206704
      206705
      206710
      206771
      206772
      206773
      206774
      206775
      206776
      206777
      206778
      206779
      206780
      206781
      206782
      206783
      206784
      206853
      206854
      206855
      206856
      206857
      206858
      206859
      206860
      206861
      206862
      206863
      206864
      206877
      206878
      206879
      206935
      206936
      206937
      206938
      206939
      206940
      206941
      206942
      206943
      206944
      206945
      206962
      207024
      207025
      207026
      207027
      207028
      207029
      207030
      207031
      207032
      207033
      207034
      207119
      207120
      207121
      207122
      207123
      207124
      207125
      207126
      207127
      207128
      207214
      207215
      207216
      207217
      207218
      207219
      207220
      207231
      207273
      207312
      207314
      207315
      207329
      207330
      207371
      207424
      207425
      207426
      207427
      207428
      207429
      207430
      207431
      207432
      207433
      207473
      207474
      207475
      207526
      207527
      207528
      207529
      207530
      207576
      207681
      207682
      208281
      208390
      208391
      208392
      208500
      208501
      208502
      208503
      208504
      208603
      208604
      208605
      208606
      208607
      208706
      208707
      208708
      208709
      208710
      208711
      208712
      208812
      208813
      208814
      208917
      208918
      211375
      211376
      211451
      211452
      214302
      214361
      215356
      215357
      215358
      215439
      215441
      215522
      215611
      215694
      215696
      215697
      215784
      215786
      215787
      215788
      215789
      215953
      217621
      217743
      217769
      217770
      217857
      217858
      223882
      224200
      224316
      224317
      224433
      224434
      224550
      224551
      224553
      224681
      224682
      224683
      224687
      224813
      224814
      224815
      224819
      224949
      224950
      225086
      225221
      225227
      225359
      225360
      225361
      225362
      225363
      225495
      225496
      225497
      225498
      225636
      225637
      225638
      225640
      225778
      225779
      225780
      225920
      225922
      225923
      225924
      225925
      226068
      226069
      226070
      226207
      226208
      226209
      226346
      227172
      227313
      227456
      227457
      227458
      227600
      227601
      227602
      227603
      227604
      227733
      227734
      227735
      227736
      227737
      227738
      227867
      227868
      227870
      227996
      228121
      228122
      228123
      228258
      228259
      228526
      228658
      228916
      228917
      229045
      229169
      230556
      230668
      230669
      230779
      230780
      230781
      230782
      230898
      230899
      231017
      231130
      231243
      231344
      232138
      232346
      232350
      232445
      232544
      232641
      232642
      233248
      233249
      233251
      233336
      233337
      233338
      233418
      233419
      234327
      234407
      234408
      234485
      234486
      234487
      234490
      234564
      234565
      234566
      234567
      234568
      234569
      234571
      234643
      234644
      234647
      234722
      234723
      234724
      234793
      234794
      235770
      235996
      236069
      236071
      236302
      236353
      236354
      236355
      236356
      236395
      236398
      236471
      236497
      236498
      236511
      236512
      236513
      236514
      236515
      236516
      236517
      236518
      236519
      236520
      236521
      236522
      236523
      236524
      236525
      236526
      236527
      236528
      236529
      236534
      236535
      236536
      236537
      236543
      236544
      236545
      236546
      236547
      236548
      236549
      236550
      236551
      236552
      236553
      236554
      236559
      236562
      236563
      236564
      236565
      236569
      236570
      236571
      236572
      236573
      236574
      236575
      236576
      236577
      236592
      236593
      236594
      236595
      236596
      236597
      236598
      236599
      236600
      236601
      236602
      236603
      236604
      236605
      236606
      236607
      236609
      236629
      236630
      236631
      236633
      236642
      236643
      236663
      236664
      236665
      236669
      236670
      236706
      236707
      236708
      236711
      236713
      236742
      236743
      236744
      236745
      236746
      236747
      236748
      236750
      236751
      236784
      236785
      236786
      236787
      236788
      236789
      236790
      236791
      236833
      236834
      236835
      236836
      236837
      236838
      236839
      236840
      236841
      236842
      236843
      236844
      236845
      236846
      236847
      236848
      236849
      236853
      236854
      236855
      236856
      236857
      236858
      236859
      236895
      236896
      236897
      236899
      236900
      236901
      236902
      236903
      236904
      236905
      236906
      236907
      236908
      236909
      236910
      236911
      236912
      236913
      236914
      236915
      236916
      236917
      236918
      236919
      236920
      236921
      236922
      236923
      236959
      236963
      236964
      236965
      236966
      236967
      236968
      236969
      236970
      236971
      236972
      236973
      236974
      236975
      236976
      236977
      236978
      236979
      236980
      236981
      236982
      236983
      236984
      236985
      236986
      237043
      237044
      237045
      237046
      237047
      237048
      237049
      237050
      237051
      237052
      237054
      237055
      237056
      237057
      237058
      237059
      237060
      237061
      237062
      237063
      237064
      237065
      237066
      237067
      237118
      237119
      237122
      237123
      237124
      237125
      237126
      237127
      237128
      237129
      237130
      237131
      237132
      237135
      237136
      237137
      237138
      237139
      237140
      237141
      237142
      237143
      237144
      237145
      237146
      237147
      237148
      237149
      237194
      237195
      237197
      237198
      237199
      237200
      237201
      237202
      237203
      237204
      237205
      237206
      237207
      237208
      237209
      237210
      237211
      237212
      237213
      237214
      237215
      237216
      237217
      237218
      237219
      237220
      237221
      237223
      237224
      237225
      237266
      237267
      237268
      237273
      237274
      237275
      237279
      237280
      237281
      237282
      237283
      237284
      237285
      237286
      237287
      237288
      237289
      237290
      237291
      237292
      237293
      237298
      237342
      237353
      237355
      237356
      237357
      237358
      237359
      237360
      237361
      237362
      237363
      237364
      237365
      237366
      237367
      237368
      237417
      237431
      237432
      237433
      237434
      237435
      237436
      237437
      237438
      237439
      237440
      237441
      237442
      237443
      237515
      237516
      237517
      237518
      237519
      237520
      237521
      237522
      237523
      237524
      237525
      237526
      237603
      237604
      237605
      237606
      237607
      237608
      237609
      237610
      237611
      237612
      237613
      237679
      237696
      237697
      237698
      237699
      237700
      237701
      237702
      237703
      237704
      237755
      237773
      237790
      237792
      237793
      237794
      237795
      237796
      237797
      237798
      237849
      237850
      237882
      237883
      237884
      237885
      237886
      237887
      237888
      237941
      237942
      237943
      237944
      237945
      237981
      237984
      237985
      238038
      238039
      238040
      238041
      238042
      238043
      238085
      238086
      238094
      238095
      238096
      238097
      238098
      238099
      238100
      238101
      238102
      238103
      238142
      238143
      238144
      238145
      238147
      238148
      238198
      238199
      238200
      238201
      238202
      238203
      238204
      238205
      238246
      238247
      238252
      238294
      238295
      238305
      238306
      238307
      238308
      238309
      238353
      238354
      238410
      238744
      238745
      238846
      238847
      238848
      238849
      238850
      238949
      238950
      238951
      238952
      238953
      239059
      239060
      239061
      239062
      239063
      239169
      239170
      239171
      239172
      239173
      239274
      239275
      239276
      239277
      239278
      239279
      239378
      239379
      239380
      239382
      239614
      239683
      239708
      242122
      242123
      242545
      242546
      242659
      245733
      245801
      245802
      245871
      245872
      245942
      246013
      246091
      246092
      246093
      246094
      246163
      246164
      246165
      246166
      246248
      246249
      246333
      248081
      248082
      248201
      248202
      253759
      253830
      254167
      254268
      254269
      254270
      254372
      254373
      254478
      254479
      254480
      254482
      254586
      254587
      254588
      254590
      254695
      254696
      254697
      254698
      254802
      254804
      254805
      254922
      254923
      254928
      255041
      255042
      255043
      255046
      255161
      255162
      255164
      255165
      255285
      255286
      255287
      255410
      255411
      255539
      255540
      255668
      255669
      255801
      255932
      255936
      256060
      256061
      256189
      256906
      257053
      257197
      257198
      257199
      257200
      257201
      257202
      257343
      257344
      257345
      257346
      257347
      257348
      257489
      257490
      257491
      257492
      257494
      257626
      257627
      257628
      258288
      258292
      258427
      258550
      258683
      260022
      260137
      260253
      260368
      260369
      260370
      260482
      260484
      260486
      260596
      260601
      260711
      260826
      260827
      260929
      260930
      261033
      261133
      261135
      261233
      261326
      261327
      261419
      261420
      262375
      262735
      262736
      262818
      262821
      262822
      262907
      262908
      262991
      263923
      263925
      264001
      264003
      264080
      264163
      264237
      264240
      264241
      264242
      264315
      264316
      264395
      265699
      265701
      265845
      266107
      266108
      266159
      266160
      266191
      266192
      266226
      266227
      266256
      266258
      266259
      266260
      266290
      266291
      266292
      266294
      266321
      266324
      266325
      266355
      266357
      266358
      266359
      266364
      266395
      266397
      266398
      266435
      266436
      266437
      266438
      266439
      266440
      266441
      266442
      266450
      266451
      266452
      266492
      266493
      266494
      266495
      266496
      266497
      266545
      266547
      266548
      266549
      266550
      266551
      266552
      266553
      266554
      266555
      266556
      266560
      266561
      266562
      266614
      266615
      266616
      266617
      266618
      266619
      266620
      266621
      266622
      266623
      266624
      266625
      266626
      266627
      266628
      266629
      266630
      266633
      266683
      266684
      266687
      266688
      266689
      266690
      266691
      266692
      266693
      266694
      266695
      266696
      266697
      266698
      266699
      266700
      266701
      266702
      266703
      266704
      266705
      266706
      266707
      266708
      266755
      266756
      266759
      266760
      266761
      266762
      266763
      266764
      266765
      266766
      266767
      266768
      266769
      266770
      266772
      266773
      266774
      266775
      266776
      266777
      266778
      266779
      266780
      266781
      266782
      266783
      266832
      266833
      266834
      266835
      266836
      266837
      266838
      266839
      266840
      266844
      266845
      266846
      266847
      266848
      266849
      266850
      266851
      266852
      266853
      266854
      266855
      266856
      266909
      266910
      266911
      266912
      266913
      266914
      266915
      266916
      266917
      266918
      266924
      266925
      266926
      266927
      266928
      266929
      266930
      266931
      266932
      266933
      266934
      266935
      266987
      266988
      266989
      266990
      266991
      266992
      266993
      266994
      266995
      266996
      266997
      266998
      266999
      267000
      267001
      267002
      267003
      267004
      267005
      267006
      267007
      267008
      267009
      267010
      267011
      267012
      267015
      267069
      267081
      267082
      267083
      267084
      267085
      267086
      267087
      267088
      267089
      267090
      267091
      267092
      267093
      267094
      267163
      267164
      267165
      267166
      267167
      267168
      267169
      267170
      267171
      267172
      267173
      267174
      267175
      267176
      267247
      267248
      267249
      267250
      267251
      267252
      267253
      267254
      267255
      267256
      267257
      267258
      267306
      267307
      267309
      267331
      267332
      267333
      267334
      267336
      267337
      267338
      267339
      267340
      267341
      267342
      267391
      267393
      267425
      267426
      267428
      267429
      267430
      267431
      267432
      267433
      267434
      267483
      267485
      267486
      267520
      267521
      267523
      267524
      267525
      267526
      267527
      267577
      267578
      267579
      267580
      267581
      267616
      267618
      267619
      267620
      267621
      267622
      267673
      267674
      267675
      267676
      267713
      267715
      267770
      267771
      267772
      267773
      267774
      267814
      267815
      267823
      267824
      267870
      267871
      267872
      267874
      267875
      267922
      267968
      267969
      267970
      268017
      268018
      268121
      268122
      268152
      268261
      268262
      268263
      268264
      268269
      268371
      268372
      268373
      268374
      268375
      268481
      268482
      268483
      268484
      268485
      268589
      268590
      268591
      268592
      268593
      268697
      268698
      268699
      268700
      268701
      268702
      268810
      268811
      268812
      268813
      268814
      268815
      268922
      268923
      268924
      268925
      268926
      269163
      269350
      269351
      269352
      275770
      275844
      275913
      275983
      275984
      275985
      275986
      276052
      276053
      276054
      276055
      276117
      276186
      277868
      277990
      282501
      282502
      282567
      282995
      283436
      283537
      283538
      283644
      283645
      283751
      283752
      283860
      283861
      283969
      283970
      283971
      283973
      283974
      284078
      284080
      284081
      284085
      284190
      284191
      284192
      284301
      284302
      284303
      284306
      284413
      284414
      284415
      284416
      284523
      284524
      284525
      284526
      284529
      284530
      284636
      284637
      284638
      284640
      284643
      284748
      284749
      284750
      284756
      284864
      284978
      284980
      285100
      285101
      285103
      285223
      285224
      285226
      285357
      285359
      286229
      286230
      286231
      286232
      286233
      286373
      286374
      286375
      286377
      286516
      286517
      286518
      286660
      286661
      286662
      287470
      287715
      288742
      288854
      288967
      289079
      289192
      289193
      289307
      289308
      289309
      289417
      289418
      289420
      289528
      289529
      289533
      289534
      289536
      289641
      289647
      289649
      289854
      289857
      289959
      290061
      290062
      290063
      290164
      290925
      291021
      291117
      291214
      291310
      291865
      292040
      292129
      292216
      292935
      292936
      293013
      293014
      293015
      293093
      293095
      293173
      293174
      293253
      293417
      293498
      293524
      294739
      295220
      295260
      295340
      295382
      295415
      295417
      295418
      295419
      295425
      295426
      295470
      295472
      295473
      295474
      295475
      295476
      295480
      295481
      295483
      295525
      295526
      295527
      295528
      295529
      295530
      295531
      295536
      295537
      295538
      295539
      295540
      295541
      295542
      295593
      295594
      295595
      295596
      295597
      295598
      295599
      295601
      295606
      295607
      295608
      295661
      295662
      295663
      295664
      295665
      295666
      295667
      295668
      295669
      295670
      295671
      295672
      295733
      295734
      295735
      295736
      295737
      295738
      295739
      295740
      295741
      295742
      295743
      295744
      295745
      295746
      295747
      295806
      295807
      295808
      295809
      295810
      295811
      295812
      295813
      295814
      295815
      295816
      295817
      295818
      295819
      295820
      295884
      295885
      295888
      295889
      295890
      295891
      295892
      295893
      295894
      295895
      295896
      295897
      295898
      295899
      295903
      295904
      295905
      295963
      295968
      295969
      295970
      295971
      295972
      295973
      295974
      295975
      295976
      295977
      295978
      295981
      295982
      295983
      295984
      295985
      295986
      295987
      295988
      295989
      295990
      295991
      295992
      296050
      296051
      296052
      296053
      296054
      296055
      296056
      296057
      296058
      296059
      296065
      296066
      296067
      296068
      296069
      296070
      296071
      296072
      296073
      296074
      296133
      296134
      296135
      296136
      296137
      296138
      296139
      296140
      296141
      296142
      296143
      296144
      296145
      296148
      296149
      296150
      296151
      296152
      296153
      296154
      296158
      296218
      296219
      296220
      296221
      296222
      296223
      296224
      296226
      296227
      296228
      296229
      296230
      296231
      296232
      296233
      296234
      296235
      296236
      296237
      296238
      296296
      296297
      296311
      296312
      296313
      296314
      296315
      296316
      296317
      296319
      296320
      296321
      296322
      296370
      296394
      296395
      296396
      296397
      296398
      296399
      296400
      296402
      296403
      296404
      296405
      296406
      296407
      296454
      296483
      296484
      296485
      296489
      296490
      296491
      296492
      296493
      296542
      296544
      296574
      296578
      296579
      296580
      296581
      296582
      296583
      296630
      296631
      296633
      296667
      296671
      296672
      296673
      296674
      296675
      296724
      296726
      296727
      296770
      296771
      296772
      296773
      296774
      296822
      296824
      296825
      296826
      296827
      296921
      296923
      296924
      296925
      296926
      296927
      296968
      296996
      297020
      297021
      297022
      297023
      297024
      297025
      297026
      297094
      297095
      297096
      297098
      297100
      297119
      297120
      297121
      297122
      297123
      297192
      297193
      297194
      297196
      297198
      297217
      297218
      297219
      297220
      297288
      297290
      297291
      297292
      297293
      297294
      297295
      297389
      297390
      297391
      297393
      297394
      297395
      297396
      297491
      297493
      297494
      297495
      297496
      297497
      297498
      297593
      297595
      297596
      297597
      297599
      297600
      297699
      297700
      297701
      297703
      297704
      297801
      297803
      297804
      297805
      297806
      297807
      297833
      297836
      297912
      297915
      297944
      298051
      298250
      298344
      298345
      300162
      304729
      304801
      304867
      304934
      305004
      305070
      305189
      310832
      311214
      311399
      311503
      311608
      311715
      311716
      311821
      311822
      311930
      311931
      311935
      312036
      312039
      312040
      312042
      312044
      312148
      312150
      312151
      312152
      312153
      312255
      312256
      312257
      312258
      312259
      312260
      312261
      312360
      312361
      312362
      312363
      312364
      312365
      312366
      312468
      312469
      312470
      312471
      312472
      312575
      312576
      312577
      312578
      312579
      312682
      312683
      312684
      312685
      312688
      312792
      312793
      312794
      312795
      312796
      312797
      312799
      312906
      312907
      312908
      312911
      312912
      312914
      313020
      313023
      313026
      313146
      313149
      313265
      313268
      313269
      313393
      313394
      313395
      313521
      314188
      314189
      314190
      314191
      314192
      314317
      314318
      314319
      314444
      314445
      314568
      314569
      314570
      314571
      315545
      316425
      316515
      316611
      316708
      316709
      316804
      316805
      316806
      316807
      316900
      316901
      316902
      316903
      316994
      316995
      316996
      316997
      316998
      316999
      317000
      317091
      317092
      317093
      317094
      317095
      317096
      317186
      317187
      317193
      317194
      317266
      317273
      317274
      317346
      317419
      317420
      317421
      317425
      317497
      317498
      317839
      318493
      318971
      319536
      319537
      319538
      320337
      320411
      320412
      320490
      320491
      320492
      320493
      320651
      320733
      320734
      320811
      320890
      320918
      321148
      321301
      322655
      322656
      322657
      322709
      322711
      322712
      322713
      322765
      322766
      322767
      322768
      322769
      322831
      322891
      322892
      322893
      322894
      322895
      322896
      322898
      322899
      322900
      322966
      322967
      322968
      322969
      322970
      322971
      322972
      322973
      322974
      323041
      323042
      323043
      323044
      323045
      323046
      323047
      323048
      323049
      323050
      323053
      323054
      323120
      323121
      323122
      323123
      323124
      323125
      323126
      323127
      323128
      323129
      323131
      323132
      323133
      323203
      323204
      323205
      323206
      323207
      323208
      323209
      323210
      323211
      323212
      323213
      323214
      323215
      323216
      323217
      323218
      323219
      323220
      323221
      323222
      323223
      323224
      323225
      323286
      323287
      323288
      323289
      323290
      323291
      323292
      323293
      323294
      323295
      323296
      323297
      323303
      323304
      323305
      323306
      323351
      323352
      323369
      323370
      323371
      323372
      323373
      323374
      323375
      323376
      323377
      323378
      323379
      323380
      323381
      323382
      323383
      323384
      323385
      323386
      323387
      323388
      323389
      323390
      323391
      323392
      323452
      323453
      323454
      323455
      323456
      323457
      323458
      323459
      323460
      323461
      323462
      323467
      323468
      323469
      323470
      323471
      323474
      323475
      323516
      323535
      323536
      323537
      323539
      323540
      323542
      323543
      323544
      323547
      323548
      323549
      323600
      323625
      323626
      323627
      323635
      323636
      323637
      323683
      323686
      323715
      323716
      323724
      323725
      323726
      323727
      323771
      323772
      323775
      323776
      323809
      323810
      323811
      323812
      323813
      323859
      323861
      323862
      323863
      323899
      323900
      323901
      323902
      323903
      323951
      323952
      323953
      323995
      323996
      323997
      323998
      323999
      324045
      324046
      324047
      324048
      324049
      324050
      324141
      324142
      324143
      324144
      324145
      324146
      324243
      324244
      324245
      324246
      324247
      324248
      324302
      324320
      324322
      324343
      324344
      324345
      324346
      324418
      324419
      324420
      324441
      324443
      324516
      324517
      324518
      324611
      324612
      324613
      324614
      324709
      324805
      324806
      324902
      324903
      324933
      324996
      324999
      325029
      325222
      325317
      325414
      325415
      325416
      330913
      330961
      330962
      331010
      331011
      331071
      331072
      336256
      336408
      336461
      336462
      336519
      336972
      337060
      337065
      337066
      337159
      337161
      337252
      337253
      337349
      337350
      337353
      337446
      337449
      337542
      337543
      337544
      337545
      337546
      337547
      337548
      337642
      337643
      337644
      337646
      337647
      337743
      337744
      337745
      337746
      337747
      337850
      337851
      337852
      337853
      337854
      337855
      337956
      337957
      337958
      337959
      337960
      337961
      337962
      338070
      338071
      338072
      338073
      338074
      338075
      338076
      338077
      338187
      338188
      338190
      338191
      338192
      338193
      338194
      338308
      338311
      338312
      338313
      338428
      338431
      338432
      338433
      338549
      338550
      338551
      338668
      338698
      338781
      338893
      339565
      341123
      341214
      341215
      341305
      341306
      341623
      341687
      341696
      341761
      341767
      341769
      341770
      341771
      341772
      341773
      341830
      341831
      341837
      341839
      341840
      341841
      341843
      341844
      341899
      341900
      341901
      341908
      341909
      341911
      341912
      341913
      341914
      341972
      341973
      341974
      341975
      341976
      341977
      341978
      341979
      341980
      341984
      341985
      342041
      342046
      342049
      342110
      342939
      343956
      344370
      344435
      344495
      344496
      344500
      344560
      344561
      344624
      344690
      344758
      344825
      344826
      344928
      345022
      345093
      345791
      345970
      345971
      345972
      346617
      346618
      346689
      346690
      346745
      346746
      346762
      346763
      346764
      346765
      346766
      346767
      346768
      346769
      346773
      346774
      346775
      346826
      346827
      346842
      346843
      346844
      346845
      346846
      346848
      346849
      346853
      346904
      346923
      346924
      346925
      346926
      346927
      346928
      346929
      346931
      346932
      346933
      346934
      346938
      346939
      346940
      346941
      346942
      346943
      346944
      346945
      346946
      346984
      347006
      347007
      347008
      347012
      347013
      347015
      347020
      347022
      347023
      347024
      347025
      347026
      347027
      347028
      347067
      347088
      347089
      347092
      347093
      347095
      347097
      347103
      347104
      347148
      347149
      347150
      347151
      347173
      347178
      347179
      347231
      347232
      347233
      347235
      347236
      347237
      347265
      347266
      347317
      347321
      347322
      347323
      347324
      347356
      347357
      347358
      347402
      347403
      347404
      347405
      347406
      347438
      347439
      347480
      347481
      347482
      347483
      347484
      347485
      347486
      347487
      347488
      347572
      347573
      347574
      347575
      347576
      347578
      347663
      347664
      347665
      347666
      347667
      347668
      347755
      347756
      347757
      347758
      347759
      347825
      347845
      347846
      347847
      347848
      347917
      347919
      347937
      347938
      347939
      348008
      348009
      348010
      348011
      348030
      348102
      348103
      348104
      348194
      348195
      348196
      348197
      348287
      348288
      348289
      348581
      348664
      348744
      348746
      353162
      353168
      357335
      357399
      357574
      357806
      357812
      357919
      357920
      357975
      357976
      358032
      358033
      358035
      358036
      358101
      358174
      358265
      358353
      358355
      358356
      358357
      358358
      358446
      358447
      358540
      358637
      358638
      358737
      358836
      358860
      358861
      358862
      358863
      358935
      358959
      358960
      359038
      359139
      359648
      360808
      360809
      360897
      360976
      360977
      361358
      361433
      361435
      361507
      361646
      361654
      361716
      361717
      362705
      363673
      363729
      363780
      363781
      363782
      363783
      363826
      363827
      363828
      363829
      363830
      363874
      363968
      364068
      365375
      365396
      365397
      365401
      365408
      365409
      365411
      365412
      365448
      365474
      365481
      365482
      365483
      365484
      365485
      365486
      365487
      365521
      365522
      365544
      365554
      365555
      365556
      365557
      365558
      365595
      365600
      365603
      365615
      365616
      365667
      365671
      365672
      365673
      365690
      365739
      365742
      365743
      365744
      365745
      365746
      365747
      365818
      365819
      365820
      365821
      365822
      365894
      365895
      365896
      365897
      365898
      365899
      365900
      365975
      365976
      365979
      365980
      365981
      365982
      366057
      366060
      366061
      366062
      366142
      366143
      366144
      366145
      366146
      366225
      366226
      366227
      366228
      366287
      366288
      366305
      366307
      366308
      366366
      366383
      366384
      366385
      366448
      366449
      366466
      366467
      366528
      366529
      366530
      366548
      366609
      366610
      366611
      366612
      366630
      366692
      366695
      366867
      366935
      367000
      367064
      373019
      373062
      373067
      373174
      373375
      373426
      373914
      373923
      373937
      373938
      374010
      374011
      375808
      377101
      377251
      377252
      377275
      377336
      377396
      377561
      378239
      378252
      378282
      378334
      378335
      378351
      378387
      378392
      378441
      378496
      378551
      378554
      378556
      378614
      378616
      378667
      378668
      378669
      378670
      378671
      378722
      378723
      378725
      378726
      378727
      378789
      378790
      378792
      378793
      378856
      378857
      378858
      378859
      378922
      378923
      378924
      378925
      378990
      378991
      378992
      379058
      379059
      379060
      379127
      379128
      379178
      379196
      379265
      379310
      379399
      379400
      379438
      379464
      382600
      382726
      382822
      382828
      382829
      382868
      382873
      382926
      383866
      384971
      384976
      384981
      385172
      385202
      385257
      385258
      385298
      385299
      385343
      385394
      385441
      385487
      385488
      385489
      385490
      385491
      385538
      385539
      385540
      385541
      385543
      385544
      385545
      385546
      385596
      385597
      385598
      385599
      385600
      385601
      385652
      385653
      385654
      385655
      385656
      385657
      385708
      385709
      385710
      385711
      385712
      385767
      385768
      385769
      385770
      385822
      385823
      385824
      385876
      385877
      385878
      385910
      385911
      385953
      385955
      385957
      385995
      386036
      386072
      386109
      386110
      387799
      388854
      388855
      389023
